"StrategyName"	"UD_Effects"	"UD_Costs"	"D_Effects"	"D_Costs"	"ICER"
NA	84024.1387362007	6029384000	3160.5701310143	915239843.231618	NA
NA	84963.3349645082	5434365900	3189.26182215827	701229332.985704	NA
NA	83730.5137598453	4841037300	3158.29151553556	533870821.149297	NA
NA	76474.3865615704	4246348500	2590.21927302104	402002595.024911	NA
NA	53512.4210637732	3649640100	1115.65902778163	297414942.541467	NA
NA	62553.6826181952	3161083200	2200.65832752356	480484684.827703	NA
NA	61731.2517052296	2807298000	2172.17647087909	368983024.434543	NA
NA	61604.1029260292	2566623700	2164.8681352968	285100546.46694	NA
NA	55763.2094453751	2212320600	1712.14043813231	215392381.17723	NA
NA	36606.9845835619	1967579500	469.598822924978	162796840.046787	NA
NA	42838.8599517425	2118553700	1325.27504283268	331896443.649296	NA
NA	43074.0727603593	1999700600	1366.239745039	259834203.685663	NA
NA	42502.3122821457	1761909100	1260.99890692442	199785968.701612	NA
NA	38485.3961022008	1523626600	998.566496417421	152135199.698863	NA
NA	21222.7123513423	1400325600	-147.619070329645	117113483.254254	NA
NA	27283.1605652311	1649607300	614.274472213117	258979687.968369	NA
NA	28257.1194351477	1533137400	647.824791926163	202635779.714713	NA
NA	25568.1565318974	1414239900	529.024119413603	158501860.432718	NA
NA	23280.7834324084	1170801100	360.395817373879	119763733.597952	NA
NA	8287.61281342595	1050601100	-646.82810827202	91691736.5248424	NA
NA	8032.32690444303	1416589300	-274.210755049076	216303730.408962	NA
NA	8709.80992834631	1297735900	-252.897875851399	169202768.888648	NA
NA	9375.23018699529	1178915300	-215.184460287157	132364955.758712	NA
NA	7699.41105086275	1060142300	-288.001570097811	103535829.190253	NA
NA	-4884.65547809168	937702600	-1124.36097408005	79457907.3581731	NA
NA	217.00862895872	1174456200	-572.321453549433	185374324.554774	NA
NA	2246.02346061019	1052218300	-449.090481633	144360252.330396	NA
NA	43.033854486479	930325400	-621.268322205404	111784980.433443	NA
NA	578.331569715228	809294200	-571.937917397503	86485981.6606634	NA
NA	-16314.7738467955	818233700	-1561.60165537489	69721252.4879384	NA
NA	-12989.2081937548	1055373600	-1067.6784809583	164698998.6205	NA
NA	-10904.0160556501	931206400	-1049.56838187489	128023413.796118	NA
NA	-9852.3019351585	806261800	-1131.88645334734	98706931.8122094	NA
NA	-10218.933864855	821013200	-1001.01650041659	80925904.2171221	NA
NA	-23524.6164347637	692903000	-1835.08592368243	61347911.3722893	NA
NA	-20153.758981857	931353100	-1466.89250775735	147872458.640452	NA
NA	-16915.2781502184	804560400	-1297.3039966998	114643574.539598	NA
NA	-28198.9459342416	815384900	-1833.80874140438	92156120.4158725	NA
NA	-17218.9364041758	691588100	-1308.82483462058	71963397.5009525	NA
NA	-25271.9352633493	560284700	-1932.260590676	53563471.7283253	NA
NA	-29074.6318281495	800764100	-1959.17713381098	133367871.862281	NA
NA	-31458.0227332987	814781900	-1789.17220813467	107819313.121561	NA
NA	-32100.5581050523	683427800	-2123.47309012206	82502884.8741037	NA
NA	-21203.4163020308	553649400	-1532.35242021245	63124258.7033406	NA
NA	-34777.2959842873	567290100	-2285.87598677952	51457054.4384253	NA
NA	-47354.7849424661	809753100	-2688.83078038107	125274552.308973	NA
NA	-33509.7290207997	678923500	-1991.76477190749	97483389.8255316	NA
NA	-47060.2632131664	690917500	-2691.73737701145	78165674.7526952	NA
NA	-34508.0018576265	560054400	-2011.02606311456	60640113.7839512	NA
NA	-48585.8509638831	572149100	-2759.65944263796	49349635.1755585	NA
NA	76397.4779099716	5482031000	3004.03044418941	893990666.159437	NA
NA	77083.9127875813	4887451400	3030.82943330696	680009561.254006	NA
NA	78186.4533495504	4293746000	3103.50144146847	512639045.75268	NA
NA	70061.1959768949	3699394600	2470.67791400928	380785408.343709	NA
NA	47240.7581350498	3102637500	982.817084864044	276198059.870386	NA
NA	56882.6971859969	2811436900	2089.74755568139	466748402.233788	NA
NA	58717.87722927	2573629200	2147.24981473484	359815072.170893	NA
NA	57857.8348324688	2216934300	2102.92975395163	271365532.069136	NA
NA	51991.3992142401	1978763700	1654.48519591222	206227705.229802	NA
NA	32719.9311871862	1617776000	400.737109437978	149050279.403055	NA
NA	40449.6840967747	1995457100	1274.93362014845	327036694.016356	NA
NA	41207.2087374554	1755145700	1367.03575131799	250386831.532513	NA
NA	39365.6980789452	1514797800	1226.66019132183	189738213.170871	NA
NA	36540.096365942	1400275100	943.588414141705	147250011.709629	NA
NA	20592.4756425678	1155917100	-92.8674636181386	107673759.834284	NA
NA	25781.4690427675	1520958400	601.400234716537	253868617.200885	NA
NA	28063.2387047155	1405290800	661.052889486338	197805972.871594	NA
NA	25081.8049689223	1157686100	567.593086200781	148247273.696902	NA
NA	22011.6816865197	1041161100	356.625638493555	114326388.389107	NA
NA	7697.07002192223	922304300	-655.492335826159	86585826.4518944	NA
NA	9457.10441498918	1285600500	-198.749631254497	211575660.685834	NA
NA	11104.9206572479	1166675100	-133.760364091213	164477677.707078	NA
NA	9412.75229923637	1047537700	-206.358392216614	127610468.908512	NA
NA	10353.3463260849	929264000	-183.059151166017	98817457.279263	NA
NA	-4399.63112234528	806551700	-1106.47005553078	74713231.6634737	NA
NA	2190.53046829836	1036813100	-483.146641782223	179839433.072723	NA
NA	4484.89814034244	913757200	-362.249965660201	138502769.477382	NA
NA	3528.81948299886	790410100	-490.151015646217	105570423.055154	NA
NA	225.498884679051	809207900	-589.274780794571	86491675.7011309	NA
NA	-12396.1304599196	682696900	-1429.17248725527	64811164.2723518	NA
NA	-7497.78094056132	915041100	-888.935758869833	159324154.052043	NA
NA	-5499.11018272978	788503000	-846.409994819071	121962732.18838	NA
NA	-10460.1021372251	806106000	-1156.81500233551	98705561.1672024	NA
NA	-3747.73373804131	681976700	-768.822608379007	75874322.7818786	NA
NA	-18478.6541221862	551432700	-1654.69886551026	55635281.1816861	NA
NA	-11488.5949164784	786619000	-1154.14724102446	142013113.408529	NA
NA	-16681.3108013221	804150100	-1299.31025400374	114626737.397274	NA
NA	-20165.9297546574	673382400	-1611.52539296616	86983160.5057057	NA
NA	-8786.74628425902	545883000	-1021.28749915228	65757846.7737682	NA
NA	-24671.7806617431	560624700	-1926.18233888845	53577436.0779717	NA
NA	-28709.1953179109	800868500	-1931.05490617415	133373020.727099	NA
NA	-19257.4811605797	669288500	-1413.77178793015	102495139.520073	NA
NA	-19264.9637816544	534923400	-1665.80462088113	75831953.9879834	NA
NA	-20845.2563535733	553868700	-1511.85673336833	63126838.7246166	NA
NA	-23148.1936846678	418873300	-1883.04810019161	45116643.9422531	NA
NA	-31208.9363774491	661297900	-2208.00782287837	119829444.056481	NA
NA	-34284.7152007832	678990400	-1983.27843037856	97475881.2106272	NA
NA	-31508.7704839992	542269000	-2237.98926549949	72724123.9897101	NA
NA	-33582.616661324	560243400	-1971.6170280105	60643611.0324843	NA
NA	-31527.1626151951	423562500	-2237.2249115141	43899243.6812368	NA
NA	68722.5732183448	4906569100	2836.51302702636	865456548.085623	NA
NA	69031.1403753988	4311895100	2829.52617843468	651452480.283692	NA
NA	67828.6795731356	3718239600	2802.92928917776	484088959.532223	NA
NA	60991.7451565351	3123816200	2250.021081725	352234240.784415	NA
NA	38701.3157278369	2526992900	803.24183040917	247641281.930644	NA
NA	52821.8825514009	2567281400	1987.72875223632	454489234.371855	NA
NA	50339.577256916	2207972600	1931.30858111261	341428355.212127	NA
NA	52914.7944569933	1973179400	2011.80945682967	259134524.167656	NA
NA	44080.7680884523	1613029100	1460.37559037104	187838038.875827	NA
NA	27328.7154952498	1373941800	298.607857768657	136811599.399301	NA
NA	38102.5547578966	1740532500	1296.22993891324	314416436.32009	NA
NA	36690.8157019705	1498931600	1309.92489666303	237037091.586692	NA
NA	37589.904079516	1386685600	1207.48472818162	183246973.608325	NA
NA	33783.4795565998	1145531500	974.769552158119	134654747.420518	NA
NA	14875.3053770713	899618500	-198.661346270281	94328556.5113298	NA
NA	26091.4475449805	1388371900	650.148238136273	247426104.004232	NA
NA	23925.8281266553	1139531700	634.097351172619	184153878.853627	NA
NA	23292.2249144239	1024128000	550.618772382222	141066743.149655	NA
NA	21488.7485045801	908303300	400.046807630264	107549356.684733	NA
NA	6167.82704211585	789248800	-643.289246207642	80114549.7970141	NA
NA	10696.0168030028	1148562800	-139.781711007658	205211088.179668	NA
NA	10931.1479929371	1029555800	-111.747998002727	158099657.028528	NA
NA	10054.1493239952	910794000	-158.418425979849	121260834.360806	NA
NA	10863.3886863916	792236000	-114.929225553511	92448180.1013658	NA
NA	-2395.03218885988	669714300	-1015.95120265117	68358749.7424543	NA
NA	5688.40029143251	894862800	-292.1692594255	172118965.348591	NA
NA	5262.36507061127	771706000	-240.095758937328	130388207.051705	NA
NA	3337.20022388728	790568600	-473.068282797001	105571227.173152	NA
NA	3925.34255587868	668513700	-422.784411862711	79922003.6644977	NA
NA	-8408.62295284704	542184100	-1234.47277492013	57901685.2772613	NA
NA	-1365.38697034688	769834100	-616.304690594101	151382391.889135	NA
NA	-5046.49723181978	788480900	-820.561314007689	121963705.622185	NA
NA	-4583.74860776874	662151600	-915.591341513646	91953144.4872536	NA
NA	336.268282836478	537156600	-577.492906761079	68354827.8456559	NA
NA	-13422.5802889187	406664100	-1404.68506682913	47333693.7851192	NA
NA	-10782.2458094051	786512600	-1133.48350040342	142016244.272484	NA
NA	-7238.05517852004	657432100	-925.378305636594	107716272.058722	NA
NA	-12092.3303987592	525809100	-1218.97585983177	78903343.4257819	NA
NA	-7979.54865802563	546176400	-965.086112178251	65765512.218778	NA
NA	-17249.9699409684	413178200	-1612.38527877184	46262882.8713054	NA
NA	-16886.7312087579	650892200	-1488.07074848103	126286853.821567	NA
NA	-8219.05750149855	520595400	-937.361735665254	93924024.2060731	NA
NA	-19690.2282760694	534888100	-1686.37101432474	75826791.7768739	NA
NA	-11033.1166225805	404221600	-1079.22368082386	54912961.7437068	NA
NA	-24180.8895286039	419084300	-1925.16922090371	45128271.0223052	NA
NA	-31271.2825633858	661377800	-2228.58311975283	119839641.633055	NA
NA	-16456.0093236285	527089600	-1346.73854153413	90296511.689423	NA
NA	-32531.8167156707	542148800	-2268.80242363644	72717540.8734099	NA
NA	-17317.4229307881	408078600	-1391.92611179831	53444070.1995783	NA
NA	-31607.1373242101	423502500	-2229.9135215741	43905769.5359276	NA
NA	55682.8154677516	4314292900	2485.40971197277	827903641.086646	NA
NA	56461.9439377748	3719490800	2520.20532330517	613904017.621217	NA
NA	55868.5821261394	3125821800	2522.96802052505	446535572.353196	NA
NA	47521.7377770891	2531387700	1876.25261212522	314677299.201659	NA
NA	26126.3943420312	1934644100	454.871203903618	210092600.007151	NA
NA	42404.8834672958	2194354100	1746.01724036252	430507898.85351	NA
NA	43010.1264631866	1958331600	1782.5088958088	325381446.431735	NA
NA	41386.8029487724	1600068100	1706.88591673813	235137384.912642	NA
NA	36113.1395332442	1363461700	1273.69276352726	171793891.776483	NA
NA	16782.4031863239	1000909900	41.4259575679898	112831922.448238	NA
NA	29517.7399481164	1481990200	1075.72051995408	297214740.455875	NA
NA	32673.9124528079	1368697800	1237.76353273549	228592843.247928	NA
NA	29907.8630216617	1127931300	1052.71382021465	166846775.156309	NA
NA	23804.9694518471	886785200	702.715547034357	117435329.463672	NA
NA	10091.2397251429	769233300	-316.037880410266	85856006.4288581	NA
NA	18562.931109387	1122048800	514.933617634277	229993307.558933	NA
NA	21505.2811253618	1006321200	597.532253541096	175025960.305121	NA
NA	19659.8802633686	890016900	513.4783613826	132299541.079286	NA
NA	17706.8286619449	773433700	314.658528926229	99125221.3780105	NA
NA	-391.175407515548	523172600	-739.097615826096	62709355.3789825	NA
NA	9133.3725555623	1010021300	-100.112140671248	196936677.537118	NA
NA	9545.22096663908	891178400	-95.721084715391	149837461.026329	NA
NA	9662.27406531171	772243000	-85.8284249095886	112991262.454133	NA
NA	8900.40892351739	653767200	-113.459768199958	84189385.7267841	NA
NA	-3138.54033389251	531271900	-949.161365382388	60093240.1088407	NA
NA	6902.46392218553	757927800	-133.607686458883	162197852.922866	NA
NA	7367.33375163947	771881100	-152.049785429248	130403496.323772	NA
NA	2224.59564113393	648967300	-459.598287495421	97078092.9232019	NA
NA	5104.73790495409	527594700	-280.463022999873	71019817.7032692	NA
NA	-8878.67284483093	402548700	-1153.19294361002	48687560.1668422	NA
NA	-2036.12488280752	769951500	-619.201463243895	151401671.044203	NA
NA	-2159.01108057925	644351200	-627.77746309276	113280877.392488	NA
NA	-2316.42960333242	520485900	-692.417463694204	82553638.5424414	NA
NA	3500.3205767216	397977300	-313.994304024054	58230278.7268537	NA
NA	-13963.8168303593	406582000	-1414.88235577034	47331691.2224415	NA
NA	-6556.89693317044	640589200	-882.982059561473	133206786.336618	NA
NA	-2515.32218669396	515048400	-605.39012264026	97793345.8906422	NA
NA	-12941.2994751013	525700100	-1262.29106376185	78887116.8458446	NA
NA	-3247.42666533883	401259500	-674.240223777284	56567203.9921707	NA
NA	-10107.5046423335	272487500	-1189.92842828268	36009301.9198402	NA
NA	-7029.29293418891	508342400	-930.193352484821	115848461.378943	NA
NA	-8884.51533304297	520675500	-948.521517471148	93932161.8472546	NA
NA	-11106.3241924923	391041900	-1197.50968217009	65782759.1047433	NA
NA	-10471.4147733878	404246300	-1062.39725666359	54921086.2098409	NA
NA	-13757.074065325	273591700	-1380.32194058734	35430745.2602553	NA
NA	-19283.7891392555	512311200	-1640.00171973903	110796820.095108	NA
NA	-16703.6950808014	527011900	-1358.50781057026	90291740.2737082	NA
NA	-18202.664496186	393262100	-1603.71747763972	63683191.7856062	NA
NA	-17241.3672113733	408196400	-1362.5008725972	53442839.4226292	NA
NA	-18907.9514122835	274711100	-1620.03167324203	34878312.1332702	NA
NA	47025.4181733447	3720393800	2215.59783888412	780120117.236822	NA
NA	45981.2613176737	3125589300	2185.06648712434	566115251.771209	NA
NA	46401.7457603916	2531971100	2176.94331013903	398751800.091948	NA
NA	38413.7855102271	1937452900	1604.16336177928	266882355.547315	NA
NA	16791.1350549823	1340689200	160.905777214241	162301826.015232	NA
NA	35631.4256320712	1948866700	1561.99901854877	410561757.324173	NA
NA	34324.3031353363	1589800800	1518.25948985232	295358836.405311	NA
NA	35841.235587392	1354482300	1559.51236878281	215178977.703792	NA
NA	28246.3912861602	994948400	1076.80998072469	141774342.2759	NA
NA	10003.4166339039	755288700	-170.210045219748	92867810.0698552	NA
NA	26125.0227555589	1355904900	1002.98397710741	286897461.632149	NA
NA	27581.7199330591	1115981400	1117.13320908118	208323552.60124	NA
NA	24763.7590309058	875380600	948.253715963066	145597195.806355	NA
NA	21898.8180210889	760920100	689.024829357877	107139818.316412	NA
NA	5256.53348267486	516632100	-400.897203936693	65605084.609279	NA
NA	17700.8994743743	993421400	549.273892032586	218856194.315317	NA
NA	17991.8099689393	877242900	518.284729063344	164388254.933878	NA
NA	17991.4793199321	760849100	495.094716008251	122147823.512583	NA
NA	14535.4468828618	514462400	329.798093575919	77624000.8245758	NA
NA	-1435.42962471992	394527000	-721.79710686388	51572386.6548013	NA
NA	9977.86091552951	877885900	7.97017576932558	186969812.292229	NA
NA	9892.33292727926	758869800	11.7510261003699	139873375.041799	NA
NA	10155.8308200963	640014200	20.5169409392911	103023055.888774	NA
NA	10059.9254299157	521283600	17.7342712749887	74199785.3034595	NA
NA	-3565.08299994856	398724000	-884.314636128329	50105857.6944204	NA
NA	6321.77257290823	757967800	-163.301245906274	162208092.918603	NA
NA	7763.79247427071	636962000	-55.6716229370286	120181548.622101	NA
NA	6210.86777609971	515165400	-173.92047252354	86448166.8392435	NA
NA	5473.67530923479	393670800	-150.921419665952	59853798.3798764	NA
NA	-6374.63036665745	268392100	-928.37985043737	36913317.7109492	NA
NA	2732.12257579961	633373900	-303.393447191287	141011839.383223	NA
NA	1283.99554815752	508069800	-355.65660024574	101865101.959809	NA
NA	2516.21302033764	383705500	-327.679524936735	69892195.7105262	NA
NA	3187.44813352206	397881800	-338.633607136966	58222120.9155823	NA
NA	-8357.71858334017	270503500	-1057.9063526733	36447242.4912952	NA
NA	2923.59378967395	502556100	-295.327704526324	120984386.818664	NA
NA	-1811.41605465312	514973000	-584.221842156672	97783319.7991231	NA
NA	-4277.30568204026	387572800	-744.174669890002	67822155.9560355	NA
NA	4991.05450021387	262898100	-106.776023359987	43699533.2915142	NA
NA	-10438.14691029	272558500	-1200.92031440625	36011623.1804983	NA
NA	-6832.1694955366	508349100	-913.421430662005	115862861.158447	NA
NA	3228.15123288872	381030300	-192.162234709624	81524560.0640703	NA
NA	-11786.5273078614	390933000	-1228.71943708592	65786674.3152721	NA
NA	1482.18321100944	264459000	-349.758773797417	43116457.483748	NA
NA	-14223.215099057	273633900	-1390.72228336419	35432134.9184872	NA
NA	-19149.4548932507	512184500	-1636.9649135342	110782582.821832	NA
NA	-2819.02849701795	385013400	-583.497759677477	79390293.3371269	NA
NA	-18493.7279299469	393270900	-1608.63699547348	63681894.972456	NA
NA	-2047.28947325092	266257800	-556.782648363718	42545777.4737111	NA
NA	-18941.8085901522	274673400	-1628.93361846549	34868356.8603038	NA
